c214208a2664b2d9766a35144f618d196f509bb2
MLB,5/8/09, 545, chicago white sox, 2.9933365161097, 6, los angeles angels, 4.59301989738601, 2, -139, 119, 0.300798022732749, 9.5, -125, 105, 0.159969768999148, -1.5, 150, 0.133536817353733, 1.5, -170, 0.706814201468375
MLB,5/8/09, 545, cincinnati reds, 2.22550075995079, 4, chicago cubs, 4.10760692341256, 0, 165, -185, 0.23210478101945, 8.5, -110, -110, 0.162262402879565, 1.5, 105, 0.382344294128056, -1.5, -125, 0.461088737958545
MLB,5/8/09, 545, cleveland indians, 3.91920327758999, 8, minnesota twins, 4.55633617795048, 1, -110, -110, 0.440563006153083, 9.5, 105, -125, 0.236566413843584, 1.5, -160, 0.526650856030629, -1.5, 140, 0.306775946543438
MLB,5/8/09, 545, detroit tigers, 3.16639021242238, 4, baltimore orioles, 3.79638440896175, 2, -180, 160, 0.426936635844956, 9.0, -110, -110, 0.129954143429225, -1.5, 105, 0.201117117384591, 1.5, -125, 0.620462107940423
MLB,5/8/09, 545, houston astros, 2.44575713175197, 6, san francisco giants, 3.90066030823013, 10, -144, 124, 0.291224342244769, 9.0, -125, 105, 0.0841517248807361, -1.5, 140, 0.120697142016875, 1.5, -160, 0.710382028763263
MLB,5/8/09, 545, kansas city royals, 2.11841651488412, 6, seattle mariners, 3.41741593616707, 11, -115, -105, 0.291444104094146, 9.5, 102, -120, 0.0401825399426894, 1.5, -165, 0.436174368759898, -1.5, 145, 0.386599479045989
MLB,5/8/09, 545, los angeles dodgers, 4.59327988580279, 1, milwaukee brewers, 3.82380851133707, 4, -142, 122, 0.627197260345345, 9.5, -115, -105, 0.22903086535761, -1.5, 140, 0.358145467914479, 1.5, -160, 0.479227351491465
MLB,5/8/09, 545, new york mets, 2.60006706557813, 9, st. louis cardinals, 3.13599620726712, 0, 115, -135, 0.425101477552123, 9.0, -105, -115, 0.0521182799893234, 1.5, -135, 0.527135780459304, -1.5, 115, 0.28245971732465
MLB,5/8/09, 545, oakland athletics, 2.99255047439006, 7, texas rangers, 3.62364555956773, 5, 115, -135, 0.422219016144412, 8.5, -110, -110, 0.198658758086033, 1.5, -140, 0.521231189671404, -1.5, 120, 0.297436595906028
MLB,5/8/09, 545, philadelphia phillies, 2.83624149432712, 7, colorado rockies, 4.13677541470826, 0, -145, 125, 0.328401139165233, 9.0, -115, -105, 0.129797100937744, -1.5, 140, 0.144547414444104, 1.5, -160, 0.686442341929987
MLB,5/8/09, 545, pittsburgh pirates, 2.77769917068306, 3, arizona diamondbacks, 4.5447428212962, 4, -105, -115, 0.273595989622033, 8.0, 102, -120, 0.302815911377327, 1.5, -165, 0.407786480263229, -1.5, 145, 0.43521378558935
MLB,5/8/09, 545, san diego padres, 2.52795231977663, 2, atlanta braves, 4.15004325461882, 6, 136, -156, 0.276675972607068, 7.0, 105, -125, 0.387245360288282, 1.5, -125, 0.41539975355398, -1.5, 105, 0.421411099966786
MLB,5/8/09, 545, tampa bay devil rays, 2.7716746356307, 6, boston red sox, 4.14727130867403, 4, -143, 123, 0.316656825703684, 9.5, -115, -105, 0.110979045366428, -1.5, 140, 0.137838820403012, 1.5, -160, 0.694351481191692
MLB,5/8/09, 545, toronto blue jays, 3.05183887780952, 4, new york yankees, 3.65751716767814, 8, -113, -107, 0.427451686567022, 9.5, -105, -115, 0.0982467407378242, 1.5, -165, 0.524388103906123, -1.5, 145, 0.294854789358353
MLB,5/8/09, 545, washington nationals, 2.98942794548979, 5, florida marlins, 4.38784938256217, 4, -105, -115, 0.323033111387096, 8.5, 102, -120, 0.27426228261144, 1.5, -160, 0.445977373989509, -1.5, 140, 0.389289692952304
MLB,6/8/09, 546, chicago white sox, 3.03950168484507, -1, los angeles angels, 4.46862282837507, -1, -142, 122, 0.321508974873275, 9.5, -125, 105, 0.154004871103977, -1.5, 135, 0.144343145141941, 1.5, -155, 0.692223510051034
MLB,6/8/09, 546, cleveland indians, 4.02111197941787, -1, minnesota twins, 4.37431980750855, -1, 129, -149, 0.478107760864189, 9.5, 110, -130, 0.228906560011716, 1.5, -115, 0.553459348529118, -1.5, -105, 0.278219085460022
MLB,6/8/09, 546, detroit tigers, 3.14720847495685, -1, baltimore orioles, 3.6681128018575, -1, -131, 111, 0.441922308496022, 9.5, -125, 105, 0.104864980508999, -1.5, 160, 0.208965568152065, 1.5, -180, 0.610547893145449
MLB,6/8/09, 546, kansas city royals, 2.23143186802255, -1, seattle mariners, 3.61916960736895, -1, -111, -109, 0.287180730776883, 9.5, 102, -120, 0.052611411156158, -1.5, 175, 0.115208240843182, 1.5, -210, 0.711706427951003
MLB,6/8/09, 546, los angeles dodgers, 3.06547990614381, -1, atlanta braves, 3.1040963885791, -1, -133, 113, 0.514744049280618, 8.5, -122, 102, 0.157922899161354, -1.5, 160, 0.2487677648573, 1.5, -180, 0.563405595080357
MLB,6/8/09, 546, new york yankees, 2.88441061480138, -1, boston red sox, 3.66684171561823, -1, -230, 210, 0.397488945503383, 10.0, -122, 102, 0.0480283309709379, -1.5, -130, 0.180028114206037, 1.5, 110, 0.639713448660398
MLB,6/8/09, 546, oakland athletics, 3.05156467732307, -1, texas rangers, 3.59718858307619, -1, 101, -121, 0.436096550565451, 9.0, -105, -115, 0.105980925038627, 1.5, -150, 0.530509306072294, -1.5, 130, 0.287728511849734
MLB,6/8/09, 546, philadelphia phillies, 2.93533072138929, -1, colorado rockies, 3.97254641993235, -1, -167, 147, 0.365085549555136, 8.5, -115, -105, 0.226076561616522, -1.5, 120, 0.16441160342561, 1.5, -140, 0.661574253643228
MLB,6/8/09, 546, pittsburgh pirates, 2.76201680100702, -1, arizona diamondbacks, 4.48170876423073, -1, 107, -127, 0.277771545705545, 8.0, 102, -120, 0.293037703553616, 1.5, -145, 0.411736218188433, -1.5, 125, 0.429820840903533
MLB,6/8/09, 546, san diego padres, 2.52766151215506, -1, new york mets, 4.00526395282793, -1, -142, 122, 0.292917992985841, 7.5, -125, 105, 0.292850517396536, -1.5, 155, 0.122805828205614, 1.5, -175, 0.709722281552955
MLB,6/8/09, 546, washington nationals, 3.04340370996599, -1, florida marlins, 4.34743572320797, -1, 144, -164, 0.336103012271262, 9.0, -105, -115, 0.167036028553235, 1.5, -110, 0.455732695218812, -1.5, -110, 0.37788128450207
MLB,7/8/09, 547, chicago white sox, 3.30754309753508, -1, cleveland indians, 3.74604761500236, -1, -210, 190, 0.45723288972122, 9.0, -125, 105, 0.137923637572097, -1.5, 101, 0.220864220106912, 1.5, -111, 0.600288635100597
MLB,7/8/09, 547, colorado rockies, 3.35556665126493, -1, chicago cubs, 2.63284132869732, -1, -125, 105, 0.641195308673044, 9.0, -115, -105, 0.0648616838970765, -1.5, 171, 0.33938541114631, 1.5, -181, 0.478941942273289
MLB,7/8/09, 547, detroit tigers, 3.20279879177425, -1, minnesota twins, 3.73035867440126, -1, -120, 102, 0.442407417296457, 9.5, -115, -105, 0.11280355113176, -1.5, 170, 0.210454752993989, 1.5, -180, 0.610166377451261
MLB,7/8/09, 547, houston astros, 4.17309470121127, -1, milwaukee brewers, 4.90731141805018, -1, -135, 115, 0.431883585140647, 9.0, -115, -105, 0.355854512831757, -1.5, 161, 0.221122094181311, 1.5, -171, 0.617036529717325
MLB,7/8/09, 547, los angeles angels, 4.07124423910041, -1, texas rangers, 3.52714594193641, -1, -135, 115, 0.602402358505585, 9.5, -115, -105, 0.160090094493634, -1.5, 155, 0.328973226261253, 1.5, -165, 0.500000734538036
MLB,7/8/09, 547, los angeles dodgers, 3.04333803452398, -1, atlanta braves, 3.09119705947476, -1, -140, 120, 0.513035601880202, 7.5, -115, -105, 0.252593791933391, -1.5, 170, 0.247216724188301, 1.5, -180, 0.564586045770609
MLB,7/8/09, 547, philadelphia phillies, 3.72464092513317, -1, florida marlins, 3.41275978412075, -1, -155, 135, 0.570858352909706, 9.0, -115, -105, 0.144825977188604, -1.5, 145, 0.299639651900467, 1.5, -155, 0.523467186165491
MLB,7/8/09, 547, san diego padres, 2.5197287383773, -1, new york mets, 3.98814202652894, -1, -140, 120, 0.293569396290498, 7.5, -115, -105, 0.28986528637383, -1.5, 165, 0.122975680202229, 1.5, -175, 0.709207472468313
MLB,7/8/09, 547, san francisco giants, 3.7516231529617, -1, cincinnati reds, 2.59348355060183, -1, -300, 280, 0.702287688744854, 7.0, -122, 102, 0.35053977954444, -1.5, -138, 0.398088447789237, 1.5, 128, 0.432385213570912
MLB,7/8/09, 547, toronto blue jays, 3.49497072541587, -1, baltimore orioles, 3.52242867323075, -1, -170, 150, 0.519710875616816, 9.0, -115, -105, 0.134949752060049, -1.5, 128, 0.26174393999431, 1.5, -138, 0.558576068162438
