2007,10,1,Cincinnati Bengals,New England Patriots,13,34,6.0,0.0872898407742299,0.884035983024346,0.0286741762014238,0.260684559528274,0.703408642874027,0.0359067975976995,39.2546086202845,24.0803246623193,49.6793913879502,-25.8378726957801,55.0344581765991,-15.7798495563146,3,0.0,0.0
2007,10,14,Arizona Cardinals,Carolina Panthers,10,25,-3.5,0.669623804390264,0.272125505630328,0.0582506899794073,0.541133503977995,0.458866496022005,0.0,20.1208990310273,26.9327286884217,47.3037948987666,-20.6574983711489,37.3880828399166,-17.2671838088894,5,0.0,0.0
2007,10,14,Baltimore Ravens,St. Louis Rams,22,3,-10.0,0.953023435922107,0.0267028591856355,0.0202737048922574,0.539010425270557,0.365596168187924,0.0953934065415195,9.76337970675935,22.7799447744501,38.0933111610131,-15.599798547367,38.3292135195676,-28.5658338128083,5,0.0,0.0
2007,10,14,Chicago Bears,Minnesota Vikings,31,34,-5.5,0.608660838046861,0.324873404899204,0.0664657570539356,0.39215203723896,0.607847962761041,0.0,15.8888899145589,19.5490220330398,42.2948036607198,-23.032213788484,37.1210617989224,-21.2321718843636,5,0.0,0.0
2007,10,14,Cleveland Browns,Miami Dolphins,41,31,-4.5,0.518497305671973,0.416055842288793,0.0654468520392339,0.332232471310819,0.667767528689182,0.0,24.7260402627757,26.7079644376646,44.5314823731595,-18.109950096299,39.6286039814999,-14.9025637187242,5,0.0,0.0
2007,10,14,Dallas Cowboys,New England Patriots,27,48,5.0,0.168190921011071,0.787289125650537,0.0445199533383917,0.380182326246649,0.589779567811279,0.0300381059420714,33.4850483233715,23.0949588779729,50.7530377677774,-27.9445110506085,53.7662252595328,-20.2811769361612,5,0.0,0.0
2007,10,14,Green Bay Packers,Washington Redskins,17,14,-3.0,0.505146140917081,0.42408977940214,0.0707640796807787,0.374505041554122,0.563078415212853,0.0624165432330262,17.0958327011767,17.3502813421814,44.4773003799854,-27.413451198608,40.4671738823346,-23.3713411811579,5,0.0,0.0
2007,10,14,Jacksonville Jaguars,Houston Texans,37,17,-6.5,0.624968394715034,0.310001927814077,0.0650296774708897,0.364976947748512,0.635023052251488,0.0,15.9456779933352,20.2807168335233,41.2691551731014,-21.2748705003822,43.0389303574116,-27.0932523640764,5,0.0,0.0
2007,10,14,Kansas City Chiefs,Cincinnati Bengals,27,20,3.0,0.432276221626915,0.498949460317227,0.0687743180558577,0.578784821493161,0.360860557062589,0.0603546214442502,22.624423579981,21.6250716229372,37.4862156150885,-16.1475761529553,47.7252136505541,-25.1007900705731,5,0.0,0.0
2007,10,14,N.Y. Jets,Philadelphia Eagles,9,16,3.0,0.307633642666986,0.628553419118197,0.0638129382148165,0.447678355718952,0.488769124178633,0.0635525201024139,24.1232777767366,18.7880060150569,42.7193076575123,-24.2177338032594,42.7847477314108,-18.6614699546742,5,0.0,0.0
2007,10,14,San Diego Chargers,Oakland Raiders,28,14,-10.0,0.814747786546995,0.143730944707403,0.0415212687456021,0.402373505866654,0.538459508459219,0.0591669856741272,16.2769295549397,28.5702656516317,46.0226691389757,-17.738835648148,38.3488998421969,-22.0719702872572,5,0.0,0.0
2007,10,14,Seattle Seahawks,New Orleans Saints,17,28,-7.0,0.72534108829386,0.219099692536719,0.055559219169421,0.403114566055032,0.526132088579885,0.0707533453650825,14.8020562910948,22.7505705880061,38.993168022835,-16.5290295956329,40.8503689171291,-26.0483126260343,5,0.0,0.0
2007,10,14,Tampa Bay Buccaneers,Tennessee Titans,13,10,-3.0,0.33192908686567,0.599717553501345,0.0683533596329854,0.221938650142063,0.726661727166791,0.0513996226911481,18.9220153240969,13.3615406307388,39.2397161022361,-26.1646076323013,43.900796081307,-24.9787807572101,5,0.0,0.0
2007,10,15,Atlanta Falcons,N.Y. Giants,10,31,4.5,0.296401525101615,0.640353197425414,0.0632452774729712,0.561084172413497,0.438915827586503,0.0,24.0677448822265,18.2902665921982,38.0286807047085,-20.0248462733144,46.0434681251771,-21.9757232429506,5,0.0,0.0
2007,10,21,Buffalo Bills,Baltimore Ravens,19,14,3.0,0.159041690990202,0.768102748226193,0.072855560783605,0.288040857558202,0.630953691919039,0.0810054505227598,14.764404267194,8.86526012658465,37.9917632314442,-29.3959331566731,37.4815730741909,-22.7171688069969,6,35.5,0.0838913322682656
2007,10,21,Cincinnati Bengals,N.Y. Jets,38,31,-6.0,0.486144088302875,0.448524518047933,0.0653313936491919,0.243005675194748,0.723962006592017,0.033032318213235,26.0149429923072,26.9864194900835,47.4580211549958,-20.7410317167259,41.2907560544831,-15.2758130621759,6,47.5,0.536641187707723
2007,10,21,Dallas Cowboys,Minnesota Vikings,24,14,-10.0,0.699018857890794,0.246706081160084,0.0542750609491218,0.271087662344993,0.679113317368478,0.0497990202865286,21.6039331449792,29.3596998656911,50.4198632379887,-21.3295934241111,40.6196186355315,-19.0156854905523,6,46.5,0.52915765502633
2007,10,21,Denver Broncos,Pittsburgh Steelers,31,28,3.5,0.0035118157931234,0.992499001751579,0.00398918245529778,0.0215852859070227,0.978414714092977,0.0,29.7674379332012,8.3919766267062,38.3950895614458,-30.2725429865531,45.2023243822982,-15.434886449097,6,39.5,0.316845209836852
2007,10,21,Detroit Lions,Tampa Bay Buccaneers,23,16,-1.0,0.24402728305969,0.698618647213923,0.0573540697263869,0.211111802285027,0.75597271694031,0.0329154807746629,26.1964383139936,18.6619883650438,45.5135925919517,-27.1210342787214,39.2519693557349,-13.0555310417414,6,44.5,0.429979469124641
2007,10,21,Houston Texans,Tennessee Titans,36,38,1.0,0.267839123903904,0.67147683605178,0.0606840400443162,0.32852316394822,0.630613372658154,0.0408634633936261,23.8219081403737,16.6754188715878,42.6257645418826,-26.2197757221083,42.5270759606611,-18.7051678202875,6,38.5,0.594853681361886
2007,10,21,Miami Dolphins,New England Patriots,28,49,16.5,0.0094275211925136,0.985149349479102,0.00542312932838411,0.415419154750175,0.584580845249825,0.0,41.0187770360516,13.683621037547,40.5784040190535,-27.1642130333199,55.5602776514911,-14.5415006154395,6,51.5,0.449036375150511
2007,10,21,N.Y. Giants,San Francisco 49ers,33,15,-10.0,0.869928519276588,0.0977980329778912,0.0322734477455208,0.492982038266509,0.446075817946062,0.0609421437874291,14.4357747715478,29.3989649189422,48.7780067680798,-19.6484719009511,35.3379110599438,-20.9021362883961,6,42.5,0.468908122375106
2007,10,21,New Orleans Saints,Atlanta Falcons,22,16,-7.0,0.611011996387407,0.32479887801253,0.0641891256000622,0.289377903454098,0.649142572747585,0.0614795237983173,18.5425334650106,23.1023734042718,43.9504200990062,-21.1174767465479,36.4830406862831,-17.9405072212725,6,42.5,0.415325385253708
2007,10,21,Oakland Raiders,Kansas City Chiefs,10,12,3.0,0.25412079421622,0.682989075291847,0.0628901304919328,0.380169580870518,0.558156521114257,0.0616738980152265,18.9390271538965,10.3482967597063,36.6078168296716,-26.5289501217788,38.025156626032,-19.0861294721355,6,37.5,0.295364253732831
2007,10,21,Philadelphia Eagles,Chicago Bears,16,19,-4.5,0.660350176340674,0.278872122321729,0.0607777013375976,0.474133915075697,0.525866084924304,0.0,17.1205297509519,23.1742132105973,41.9670355965434,-19.0622524377596,43.810769404966,-26.6902396540142,6,41.5,0.397621262180266
2007,10,21,Seattle Seahawks,St. Louis Rams,33,6,-9.0,0.759063064417921,0.189489336977019,0.0514475986050609,0.380593278673833,0.59058756886265,0.0288191524635182,13.795772871067,23.0111153019283,38.1532280236299,-15.4115427735151,38.0371382659407,-24.2413653948737,6,40.5,0.340685441653904
2007,10,21,Washington Redskins,Arizona Cardinals,21,19,-6.5,0.705189019839309,0.238385934138387,0.0564250460223043,0.451080594130509,0.548919405869491,0.0,16.3976240931446,23.9892389235192,40.4464194086437,-16.726610536938,44.7054838709223,-28.3078597777777,6,36.5,0.652919482193312
2007,10,22,Jacksonville Jaguars,Indianapolis Colts,7,29,3.0,0.328084790616345,0.608336125912728,0.0635790834709272,0.468451640893554,0.469175784222738,0.0623725748837083,25.8176678229572,21.5003124204403,44.4470277526153,-23.2161453839885,52.2365378824269,-26.4188700594696,6,44.5,0.498165977937312
2007,10,28,Carolina Panthers,Indianapolis Colts,7,31,6.5,0.086656912502219,0.882589780131459,0.0307533073663219,0.310384752446532,0.689615247553468,0.0,28.3980870574146,11.7870175847086,38.8013104264556,-27.1386451733533,51.8312783741415,-23.4331913167269,7,44.0,0.334450052301146
2007,10,28,Chicago Bears,Detroit Lions,7,16,-5.0,0.5682641914074,0.370788057151251,0.0609477514413487,0.353388283097834,0.615520998832301,0.0310907180698648,26.9578868894475,30.20351744094,45.7824454380556,-15.7032803287219,46.8671866486104,-19.9092997591629,7,43.5,0.824808613301341
2007,10,28,Cincinnati Bengals,Pittsburgh Steelers,13,24,4.0,0.208764656890891,0.741889776992891,0.0493455661162181,0.379492057420717,0.563544539643867,0.056963402935416,31.6320387142113,22.8275159165834,49.9935945894791,-27.2904310045018,46.1093376163131,-14.4772989021018,7,48.0,0.573886113571256
2007,10,28,Miami Dolphins,N.Y. Giants,10,13,9.5,0.135234843799526,0.826701068380076,0.0380640878203985,0.534948206955714,0.465051793044286,0.0,35.5651778779917,23.4046355858232,43.709302346147,-20.42901909193,49.6644167931026,-14.0992389151109,7,48.0,0.722964609596864
2007,10,28,Minnesota Vikings,Philadelphia Eagles,16,23,1.0,0.3514471770158,0.579149416468264,0.0694034065159359,0.420850583531736,0.537048660132286,0.0421007563359778,17.5837129692401,12.3362448827981,39.9793804147024,-27.7674878635105,41.040202838507,-23.4564898692669,7,37.5,0.306223922219324
2007,10,28,N.Y. Jets,Buffalo Bills,3,13,3.0,0.428632986318379,0.502657733567412,0.0687092801142094,0.573403627560192,0.367198514451902,0.0593978579879066,19.8595301944209,17.9128962884219,42.2758627878217,-24.4873188310061,39.57033729127,-19.710807096849,7,37.0,0.576744004523019
2007,10,28,New England Patriots,Washington Redskins,52,7,-16.5,0.892987603319013,0.0795796216231258,0.0274327750578612,0.295519106557739,0.70448089344226,0.0,13.9632353775342,30.2231312148175,58.4312314590687,-28.3324525758574,40.3000146834694,-26.3367793059352,7,48.0,0.237581889096791
2007,10,28,San Diego Chargers,Houston Texans,35,10,-10.5,0.728471729722412,0.220878646455579,0.0506496238220091,0.30191405259154,0.69808594740846,0.0,21.1073640724859,29.7786081673293,47.0405665289246,-17.3863106932015,46.3599066535465,-25.2525425810606,7,45.5,0.559955804106789
2007,10,28,San Francisco 49ers,New Orleans Saints,10,31,3.0,0.263519551969553,0.67735137700426,0.0591290710261869,0.39508469680314,0.544098103511974,0.0608171996848861,23.9907397157187,16.6094233083162,35.6321141204078,-19.1470431436978,44.1464147659262,-20.1556750502075,7,40.0,0.541198874735309
2007,10,28,St. Louis Rams,Cleveland Browns,20,27,3.0,0.175742664027502,0.778938404842668,0.0453189311298302,0.282768853654569,0.66360082904419,0.0536303173012408,31.7507306594573,21.3894556889464,37.124712391244,-15.8596090339038,46.9142147566707,-15.1634840972134,7,43.5,0.745881300980983
2007,10,28,Tampa Bay Buccaneers,Jacksonville Jaguars,23,24,-4.0,0.392873149379245,0.53408025889141,0.0730465917293451,0.227045756217643,0.725155216465778,0.0477990273165796,14.9857161468946,10.8776307255107,38.2756336886081,-27.5223552947036,41.7501878154162,-26.7644716685216,7,33.0,0.392574679180524
2007,10,28,Tennessee Titans,Oakland Raiders,13,9,-9.0,0.764674826637007,0.186160774621647,0.049164398741346,0.385127776352168,0.585003746774126,0.0298684768737062,14.948348147001,24.5012165249267,45.9542332148145,-21.5773690214941,37.6322280560776,-22.6838799090766,7,41.0,0.386087411406366
2007,10,29,Denver Broncos,Green Bay Packers,13,19,-3.0,0.169006659310229,0.785282008131155,0.0457113325586159,0.0966341696787182,0.875257909828284,0.0281079204929987,29.5727746289914,18.7679575891738,44.0478566531725,-25.404251395605,46.0679418960993,-16.4951672671079,7,42.0,0.682206701416961
2007,10,7,Denver Broncos,San Diego Chargers,3,41,-1.0,0.321919893139505,0.61573373526082,0.0623463715996748,0.283332487031132,0.678080106860494,0.038587406108372,27.4837551096279,23.2008715566718,41.5723390157683,-18.3366415884497,43.7305520394132,-16.2467969297853,4,0.0,0.0
2007,10,7,Green Bay Packers,Chicago Bears,20,27,-3.0,0.717586379394071,0.226822306090542,0.0555913145153868,0.595462759389085,0.344797296167984,0.0597399444429305,16.0024066356408,24.0505298551562,44.5639170859923,-20.4785613601894,39.8225324569055,-23.8201258212648,4,0.0,0.0
2007,10,7,Houston Texans,Miami Dolphins,22,19,-5.5,0.720723129628951,0.225139197089323,0.0541376732817259,0.511634139981091,0.488365860018909,0.0,18.4166187028383,27.0474174558929,43.2250447921906,-16.1428014656509,39.2345826083565,-20.8179639055183,4,0.0,0.0
2007,10,7,Indianapolis Colts,Tampa Bay Buccaneers,33,14,-10.0,0.728339250859754,0.217189739182068,0.0544710099581782,0.288769696782109,0.654136739095267,0.057093564122623,15.645153583256,24.0500671841808,50.1995519063407,-26.1146588515132,38.8264163826672,-23.1812627994113,4,0.0,0.0
2007,10,7,Kansas City Chiefs,Jacksonville Jaguars,7,17,1.0,0.336315436672696,0.593806070047356,0.0698784932799479,0.406193929952644,0.55248624857308,0.0413198214742762,16.7928751541012,10.9165388455913,37.5711043138555,-26.6197395976174,40.6588845736982,-23.866009419597,4,0.0,0.0
2007,10,7,N.Y. Giants,N.Y. Jets,35,24,-3.0,0.493915631891167,0.437451386614311,0.0686329814945217,0.361783206747712,0.578920733806958,0.0592960594453302,21.710214864083,22.7855473443105,42.4001450958538,-19.5797718808966,41.4224403305267,-19.7122254664437,4,0.0,0.0
2007,10,7,New England Patriots,Cleveland Browns,34,17,-16.0,0.966822949396833,0.0227745090064664,0.0104025415967008,0.53786042568858,0.433264775123902,0.0288747991875177,16.3389792669477,39.374042334709,53.7461439245616,-14.3372757192058,43.2942944742181,-26.9553152072704,4,0.0,0.0
2007,10,7,New Orleans Saints,Carolina Panthers,13,16,-3.0,0.415249365726464,0.517513643182718,0.0672369910908181,0.28996131488451,0.656041355188173,0.0539973299273172,24.3396342142041,23.0474351368005,41.3163500597709,-18.2340890523236,39.6002709452792,-15.2606367310751,4,0.0,0.0
2007,10,7,Pittsburgh Steelers,Seattle Seahawks,21,0,-6.0,0.677491062201596,0.261078849128215,0.0614300886701887,0.42112853415158,0.533413966425211,0.0454574994232085,14.0812042883068,19.9070178538606,45.6476255410542,-25.7057818165468,40.9433625709196,-26.8621582826128,4,0.0,0.0
2007,10,7,San Francisco 49ers,Baltimore Ravens,7,9,3.0,0.0376085509417028,0.936950318982902,0.0254411300753955,0.0881056245793003,0.874059134030569,0.037835241390131,22.5690055383517,9.024907854401,36.1993957427698,-27.139662017722,41.2948944746729,-18.7258889363211,4,0.0,0.0
2007,10,7,St. Louis Rams,Arizona Cardinals,31,34,1.0,0.123110088273872,0.837192835219826,0.0396970765063021,0.162807164780174,0.808342762970347,0.0288500722494785,28.3086421816035,14.7398124292418,35.3382266469445,-20.563588347056,45.2530540373893,-16.9444118557859,4,0.0,0.0
2007,10,7,Tennessee Titans,Atlanta Falcons,20,13,-7.5,0.804937719113762,0.150383346707021,0.0446789341792163,0.50836990670066,0.49163009329934,0.0,12.8824429324165,24.1557134845119,45.6694546524816,-21.478915297323,37.0346178991172,-24.1521749667007,4,0.0,0.0
2007,10,7,Washington Redskins,Detroit Lions,34,3,-3.5,0.37368894876654,0.561905246031208,0.0644058052022522,0.254490093377951,0.745509906622049,0.0,27.5086014404345,25.0213664640038,38.0108056254886,-12.954613290838,48.1123323397748,-20.6037308993403,4,0.0,0.0
2007,10,8,Buffalo Bills,Dallas Cowboys,24,25,10.0,0.122631905859406,0.83803533003044,0.0393327641101539,0.535678265228673,0.400346270719046,0.0639754640522821,29.2800421554852,15.7801161258472,36.1192823613578,-20.3043403648638,51.3609646912991,-22.0809225358139,4,0.0,0.0
2007,11,11,Arizona Cardinals,Detroit Lions,31,21,-1.0,0.231222063433684,0.715674535088765,0.053103401477551,0.199740237929128,0.768777936566316,0.0314818255045557,29.0670786689888,21.2333319506808,40.8586922837443,-20.3526330603362,46.8638243396722,-17.7967456706833,9,45.0,0.578856907551061
2007,11,11,Baltimore Ravens,Cincinnati Bengals,7,21,-4.5,0.468662473581581,0.465685095580184,0.065652430838235,0.289519858364002,0.710480141635997,0.0,23.4907770829629,23.8030007423804,36.6409473040179,-13.5652192889102,46.8261349201735,-23.3353578372106,9,44.5,0.486016514356846
2007,11,11,Carolina Panthers,Atlanta Falcons,13,20,-4.5,0.637180177531934,0.296452173768102,0.0663676486999637,0.449337890686287,0.550662109313712,0.0,12.4248197373475,16.3002001331632,35.4946737933667,-19.9217463874762,34.7487326205242,-22.3239128831767,9,36.5,0.301887761575944
2007,11,11,Green Bay Packers,Minnesota Vikings,34,0,-6.0,0.581541803634798,0.354579899495985,0.0638782968692171,0.322932903831309,0.636949887699415,0.0401172084692752,19.3853048940146,22.9221846308926,45.1141027194582,-22.9191908158383,42.9021531431543,-23.5168482491396,9,40.5,0.525851261101089
2007,11,11,Kansas City Chiefs,Denver Broncos,11,27,-4.0,0.704054792287794,0.239409348523973,0.0565358591882328,0.523430707395748,0.420050876948877,0.0565184156553736,15.3813560754624,22.6384502904253,37.2909047449886,-15.379727181836,38.8375915236979,-23.4562354482355,9,37.5,0.508736927193916
2007,11,11,Miami Dolphins,Buffalo Bills,10,13,3.0,0.267884123594691,0.671402388147486,0.0607134882578232,0.398886252104138,0.539996629190714,0.061117118705149,22.1974447311994,14.7435698836778,40.4025057261228,-26.3862085697178,38.0630183962699,-15.8655736650705,9,40.5,0.392152195845867
2007,11,11,N.Y. Giants,Dallas Cowboys,20,31,1.0,0.226125780325787,0.722150626910717,0.0517235927634965,0.277849373089284,0.686350653521676,0.0357999733890402,30.905966685357,22.931251255354,43.6195596042525,-21.4155810761713,53.0137931186402,-22.1078264332832,9,49.0,0.498642861670435
2007,11,11,New Orleans Saints,St. Louis Rams,29,37,-11.5,0.868170343990684,0.100794848408615,0.031034807600701,0.451630897530255,0.548369102469744,0.0,16.8434252786261,31.8441541581979,46.3557858197565,-15.2389043888313,35.2664183618448,-18.4229930832187,9,45.5,0.494881493993026
2007,11,11,Oakland Raiders,Chicago Bears,6,17,-3.0,0.293509305216704,0.642839350420268,0.0636513443630282,0.190185474628766,0.763154980854674,0.0466595445165607,20.4548198563156,13.6295716607456,35.210221166995,-22.3079222335221,41.5394165338717,-21.0845966775562,9,38.0,0.411104581746428
2007,11,11,Pittsburgh Steelers,Cleveland Browns,31,28,-10.0,0.81209977084732,0.148629345287459,0.0392708838652211,0.414862624090633,0.530718242558109,0.0544191333512565,20.4423868541822,32.5013320156005,47.2609834971007,-15.4869242087729,47.7114010671069,-27.2690142129247,9,47.5,0.550275862935723
2007,11,11,San Diego Chargers,Indianapolis Colts,23,21,3.5,0.166235903995919,0.788261107754837,0.0455029882492441,0.328142102810345,0.671857897189655,0.0,28.3083671298259,17.1661014172139,44.5331967262938,-28.0943680363526,50.1655085639695,-21.8571414341436,9,48.5,0.272975912230636
2007,11,11,Tennessee Titans,Jacksonville Jaguars,13,28,-4.5,0.628520064948493,0.308922656556431,0.0625572784950765,0.440189199363649,0.559810800636351,0.0,17.5037314985867,22.3546688057257,41.7046808529238,-20.0772847744708,41.9262618545116,-24.4225303559249,9,0.0,0.0
2007,11,11,Washington Redskins,Philadelphia Eagles,25,33,-3.0,0.424156266070476,0.505743951036089,0.0700997828934347,0.299432376642274,0.642566427079853,0.0580011962778732,18.5744722067891,16.3283826156061,39.613173391942,-24.0120635036086,40.6831578740948,-22.1086856673058,9,38.0,0.421754406427951
2007,11,12,Seattle Seahawks,San Francisco 49ers,24,0,-10.0,0.847721072460264,0.114234731677219,0.0380441958625174,0.436985587943645,0.496380638797005,0.0666337732593513,10.3914296063347,23.3044186327844,39.7166092952715,-17.1394633897598,33.4899704553752,-23.0985408490405,9,39.5,0.290790685748486
2007,11,18,Atlanta Falcons,Tampa Bay Buccaneers,7,31,3.0,0.0970238748040329,0.853720357699064,0.0492557674969033,0.192151437126602,0.74819480987505,0.0596537529983481,19.265452546835,9.9598230151854,36.1897729615941,-26.8677877842465,40.2199221494894,-20.9544696026544,10,35.5,0.228472301605534
2007,11,18,Baltimore Ravens,Cleveland Browns,30,33,2.5,0.25771064209973,0.68508310349117,0.0572062544090994,0.388154968781357,0.611845031218642,0.0,26.380253535147,19.3932165620365,34.5093666071924,-15.7539878829938,50.8152275112975,-24.4349739761505,10,43.5,0.525079814372083
2007,11,18,Buffalo Bills,New England Patriots,10,56,14.5,0.027483521765147,0.959333505776213,0.01318297245864,0.500153038060564,0.499846961939436,0.0,33.6803683536828,10.7509097029204,37.8969724027063,-27.7839005376237,60.6939793145047,-27.0136109608219,10,46.5,0.377649863091366
2007,11,18,Cincinnati Bengals,Arizona Cardinals,27,35,-3.5,0.497605186808012,0.438679532911445,0.0637152802805431,0.369174050774075,0.630825949225925,0.0,25.8993296341831,27.2233079301106,46.8572659615483,-20.2717958692756,43.0986088735926,-17.1992792394096,10,48.5,0.487424627267892
2007,11,18,Dallas Cowboys,Washington Redskins,28,23,-10.5,0.849818872692238,0.116377648028834,0.0338034792789275,0.471497970475518,0.528502029524483,0.0,19.7219215226628,33.5400565644368,53.3277940911944,-20.4255753645954,42.0812390354341,-22.3593175127713,10,47.0,0.600042704669811
2007,11,18,Detroit Lions,N.Y. Giants,10,16,3.0,0.478476599990257,0.456630000031565,0.0648933999781781,0.620188031082251,0.32496416691313,0.0548478020046183,23.9148164285689,24.5576203314121,47.1257245954841,-23.2059421019098,43.5973022273909,-19.682485798822,10,49.0,0.323791529552106
2007,11,18,Green Bay Packers,Carolina Panthers,31,17,-10.0,0.981643092229478,0.00938120006447682,0.00897570770604528,0.698197389421357,0.220369812225321,0.081432798353321,8.74651298399842,25.6824429719244,47.7977833513148,-22.7531782172282,35.5971128541146,-26.8505998701162,10,37.5,0.236844730298988
2007,11,18,Houston Texans,New Orleans Saints,23,10,-1.0,0.405705373515521,0.532347479114671,0.0619471473698083,0.366113993961137,0.594294626484479,0.039591379554384,30.9324341578545,29.0843900511152,44.5156046088064,-16.069052395529,47.5074685963857,-16.5750344385312,10,47.5,0.748323226129002
2007,11,18,Indianapolis Colts,Kansas City Chiefs,13,10,-14.5,0.990495604146007,0.00472196046858213,0.00478243538541135,0.564444320194691,0.435555679805308,0.0,8.91140893731148,28.7803180212617,49.9089809034923,-21.7665007200684,37.7097107218302,-28.7983017845188,10,44.0,0.0997926225274571
2007,11,18,Jacksonville Jaguars,San Diego Chargers,24,17,-3.0,0.345580314809236,0.591080977964908,0.0633387072258564,0.231396362016578,0.720494552755982,0.0481090852274405,24.7861818056352,20.9896418527341,43.6974734874173,-23.3456694725211,46.7484948319261,-21.9623130262909,10,40.5,0.653284330791574
2007,11,18,Minnesota Vikings,Oakland Raiders,29,22,-5.5,0.68629243493189,0.253019639891864,0.0606879251762462,0.476842608568991,0.523157391431009,0.0,12.8221488858612,18.8522983335124,41.1440377361973,-22.9295772405227,34.8567409352376,-22.0345920493764,10,35.5,0.425066062965056
2007,11,18,N.Y. Jets,Pittsburgh Steelers,19,16,10.0,0.100286128987562,0.866326929109294,0.0333869419031447,0.482873134948798,0.454724291646169,0.062402573405033,29.8681435437537,14.9231789767967,40.5679032674089,-26.28256212845,48.9281532521335,-19.0600097083799,10,40.0,0.686997069878394
2007,11,18,Philadelphia Eagles,Miami Dolphins,17,7,-10.0,0.698625255168302,0.245897520550807,0.0554772242808908,0.266066147692555,0.682414459341656,0.0515193929657884,18.162249056289,25.7696023667435,43.2403896662973,-18.1086251373916,40.8955586083073,-22.7333095520183,10,40.0,0.606422499583192
2007,11,18,San Francisco 49ers,St. Louis Rams,9,13,2.5,0.359970310267318,0.573420738689325,0.0666089510433574,0.502450584066464,0.497549415933536,0.0,21.2953751195985,17.4467130548032,32.8165724827013,-16.0076972657359,39.4606942429211,-18.1653191233226,10,39.0,0.515367557003562
2007,11,18,Seattle Seahawks,Chicago Bears,30,23,-6.5,0.579381177723681,0.351425129426725,0.0691936928495939,0.323208303917759,0.67679169608224,0.0,14.2645700387475,16.5988676830706,40.4372271572101,-24.4761973119773,41.3022522561966,-27.0376822174492,10,37.8,0.309432870985252
2007,11,19,Denver Broncos,Tennessee Titans,34,20,-1.0,0.328708540569534,0.607311050931174,0.063980408499292,0.291503307463999,0.671291459430467,0.0372052331055356,23.1209113048063,18.4309863266753,41.2505686622013,-23.4574201733638,41.2179708298091,-18.0970595250028,10,38.0,0.644293449720267
2007,11,22,Atlanta Falcons,Indianapolis Colts,13,31,11.5,0.0080386134127457,0.984568745307489,0.00739264127976584,0.285206774932729,0.71479322506727,0.0,27.8914512705443,8.71296229864524,35.6129840370009,-27.986043243732,47.1192241829399,-19.2277729123956,11,41.0,0.161973424285941
2007,11,22,Dallas Cowboys,N.Y. Jets,34,3,-14.0,0.865204553181159,0.103302700906843,0.0314927459119985,0.312119970848564,0.629207418702793,0.0586726104486419,18.19608786985,32.7383120757597,53.1672530000833,-21.5149624296999,40.3663824753861,-22.1702946055361,11,47.5,0.489123246487072
2007,11,22,Detroit Lions,Green Bay Packers,26,37,3.5,0.263943443904841,0.678397041325273,0.0576595147698852,0.455225402967487,0.544774597032513,0.0,26.1037430447773,19.1996793775112,44.8744418984308,-26.7607840262959,48.8441578902392,-22.740414845462,11,48.0,0.277387347305022
2007,11,25,Arizona Cardinals,San Francisco 49ers,31,37,-10.5,0.918859018783719,0.0586361038220615,0.0225048773942198,0.596433812803149,0.40356618719685,0.0,10.7537699397834,28.6742133679472,44.8542911667039,-17.2660993041331,31.0016779969771,-20.2479080571938,11,38.0,0.522664035822329
2007,11,25,Carolina Panthers,New Orleans Saints,0,31,3.0,0.43250158475533,0.500758900793766,0.0667395144509042,0.576842454710287,0.365193698578442,0.0579638467112705,22.2274503631822,20.9880315729347,36.4474345020595,-16.5454244345011,43.7536885129524,-21.5262381497703,11,41.0,0.544263662022673
2007,11,25,Chicago Bears,Denver Broncos,37,34,-1.0,0.651613493911694,0.29069258663658,0.0576939194517263,0.612324426495271,0.348386506088306,0.0392890674164216,20.7523594048394,26.7561569594124,43.039452522113,-17.3693170680769,43.6853904985844,-22.9330310937449,11,42.0,0.621471570809145
2007,11,25,Cincinnati Bengals,Tennessee Titans,35,6,1.0,0.484480582570272,0.450935115356642,0.0645843020730854,0.549064884643357,0.40855226079655,0.0423828545600916,24.5524622174209,25.2267023276445,45.8689691727319,-21.7282883504638,40.0959643447214,-15.5435021273005,11,47.0,0.46476374128028
2007,11,25,Cleveland Browns,Houston Texans,27,17,-3.5,0.611714006744268,0.330322079955369,0.0579639133003629,0.486201908180701,0.513798091819299,0.0,27.8485874819334,32.2311534281347,50.7014686870908,-19.5563367643324,43.2134012266951,-15.3648137447616,11,51.0,0.620215701166225
2007,11,25,Jacksonville Jaguars,Buffalo Bills,36,14,-7.5,0.734254805416203,0.211191246215009,0.0545539483687877,0.414463835044736,0.585536164955264,0.0,13.2642085092098,21.2971938647695,44.0915288294055,-23.8803564700124,36.7786257121785,-23.5144172029687,11,36.0,0.491400785909471
2007,11,25,Kansas City Chiefs,Oakland Raiders,17,20,-5.5,0.655217938623815,0.280770712964199,0.0640113484119855,0.444224749102763,0.555775250897235,0.0,12.7140581064306,17.5559569396472,37.9569687577031,-21.4870333234323,37.0475910611562,-24.3335329547256,11,34.5,0.415000861080771
2007,11,25,N.Y. Giants,Minnesota Vikings,17,41,-7.0,0.643294553790647,0.295346150111451,0.0613592960979017,0.320201428599613,0.616144056045575,0.0636545153548113,16.922645077509,22.1715157465277,42.9524442022977,-21.8669499611464,42.8584002305661,-25.9357551530571,11,41.0,0.388359817673251
2007,11,25,New England Patriots,Philadelphia Eagles,31,28,-22.5,0.966012692997133,0.0237290597166071,0.0102582472862598,0.260145381097673,0.739854618902326,0.0,16.5443284090953,39.4276381366207,63.4993642056922,-25.1577475744479,42.5246878657599,-25.9803594566646,11,51.5,0.484559010344084
2007,11,25,San Diego Chargers,Baltimore Ravens,32,14,-10.0,0.839523236758826,0.121777101741617,0.0386996614995569,0.430129584242771,0.504586074705422,0.0652843410518077,11.500206728569,24.1822775800604,45.1850403002777,-22.0887842255936,35.6584908124547,-24.1582840838856,11,38.5,0.38333712690183
2007,11,25,St. Louis Rams,Seattle Seahawks,19,24,3.0,0.192055995033736,0.756804357824929,0.0511396471413343,0.306490623237835,0.637048557005344,0.0564608197568213,24.221896235666,13.7489323476985,36.9840883069904,-24.3211774646683,42.0997424954183,-17.8778462597523,11,45.5,0.210943078607252
2007,11,25,Tampa Bay Buccaneers,Washington Redskins,19,13,-3.0,0.60372038119464,0.332311958430115,0.0639676603752446,0.472357210606777,0.465412226137151,0.0622305632560731,17.0855221541565,20.9098388437311,42.2300177983811,-22.4062004600264,43.7305458268641,-26.6450236727076,11,38.0,0.502872659812509
2007,11,26,Pittsburgh Steelers,Miami Dolphins,25,12,-16.0,0.84875844257849,0.115209653455954,0.0360319039655555,0.224448565924212,0.752883962857902,0.0226674712178852,13.4404569927889,27.0098958405243,45.2359765452227,-19.3121022100748,39.2962167291126,-25.8557597363237,11,41.5,0.396054773840474
2007,11,29,Dallas Cowboys,Green Bay Packers,37,27,-6.5,0.593807101475932,0.347070369980479,0.0591225285435887,0.342152555712104,0.657847444287895,0.0,24.4715407294319,28.5035048024506,51.6495319353529,-24.6112677746135,49.0113330729993,-24.5397923435674,12,51.5,0.358014338296132
2007,11,4,Atlanta Falcons,San Francisco 49ers,20,16,-3.5,0.633733152704045,0.301433346746355,0.0648335005495993,0.503644991043476,0.496355008956524,0.0,14.0938768427316,18.3079664600159,35.9119028888885,-17.5881469551884,34.4778413025594,-20.3839644598278,8,37.0,0.367480371729747
2007,11,4,Buffalo Bills,Cincinnati Bengals,33,21,1.0,0.479414949055414,0.453962139903467,0.0666229110411186,0.546037860096532,0.411184037619101,0.0427781022843655,22.0963185298761,22.5172095349861,37.9628351014007,-15.4298360927304,48.4229025906778,-26.3265840608017,8,43.0,0.491227288484558
2007,11,4,Cleveland Browns,Seattle Seahawks,33,30,-1.0,0.413159199692192,0.520855040982819,0.0659857593249887,0.371935673458664,0.586840800307808,0.041223526233528,23.4720250320734,21.791456958521,46.5235038978985,-24.7162574656933,39.3040051395548,-15.8319801074813,8,46.5,0.354194162755818
2007,11,4,Detroit Lions,Denver Broncos,44,7,-3.5,0.430334693357038,0.505561747835001,0.0641035588079608,0.30601935095287,0.693980649047128,0.0,26.7344514105729,25.8999910716385,43.0220229051144,-17.1062423597916,43.1520063913847,-16.4175549808118,8,46.5,0.582080718995545
2007,11,4,Indianapolis Colts,New England Patriots,20,24,4.5,0.200868840536711,0.751232671679229,0.0478984877840594,0.420055114734837,0.579944885265163,0.0,34.869566332225,25.821009324218,51.8438635424558,-26.0070647445536,61.9395571187026,-27.0699907864776,8,56.0,0.383783811521786
2007,11,4,Kansas City Chiefs,Green Bay Packers,22,33,1.0,0.379976074169646,0.54929688064213,0.0707270451882241,0.45070311935787,0.507590377036482,0.0417065036056475,16.6639270846605,12.4071199619671,37.8054346161587,-25.3825251805074,42.9565229096828,-26.2925958250223,8,38.0,0.25185409678278
2007,11,4,Minnesota Vikings,San Diego Chargers,35,17,7.0,0.124015036528371,0.83736059307246,0.0386243703991686,0.385506316375834,0.546832944020455,0.0676607396037113,27.8434253822608,14.0839700833216,39.6799416874208,-25.5801821304151,47.9052356022214,-20.0618102199606,8,41.0,0.527996554108965
2007,11,4,N.Y. Jets,Washington Redskins,20,23,3.5,0.407544627069368,0.5250182538287,0.0674371191019317,0.610006073688353,0.389993926311648,0.0,20.0450199408644,17.5262406864121,40.2913279144233,-22.749297754327,39.3044092411074,-19.259389300243,8,35.5,0.63803200119985
2007,11,4,New Orleans Saints,Jacksonville Jaguars,41,24,-3.5,0.323909232348473,0.613455792798708,0.0626349748528194,0.213777770032838,0.786222229967162,0.0,24.2054451600151,19.3785922827899,44.1938576317873,-24.7994758753132,43.0677096543346,-18.8622644943195,8,40.0,0.622974954339138
2007,11,4,Oakland Raiders,Houston Texans,17,24,-3.0,0.411496426287015,0.521651633163121,0.0668519405498639,0.287649973386022,0.658331153019507,0.0540188735944703,21.7183237270741,19.7305249263315,36.2033213979277,-16.4570069979119,44.2153289024917,-22.4970051754176,8,41.5,0.455151942570663
2007,11,4,Philadelphia Eagles,Dallas Cowboys,17,38,3.0,0.325517647644525,0.613306715554081,0.061175636801394,0.462836953333735,0.47607566061416,0.0610873860521041,26.9034336973097,22.5375700530682,41.2004120117557,-18.6470524850033,50.7902180522608,-23.8867843549511,8,46.0,0.504893574257918
2007,11,4,Tampa Bay Buccaneers,Arizona Cardinals,17,10,-3.5,0.590369205692349,0.345372382974878,0.0642584113327726,0.457525164648738,0.542474835351263,0.0,18.9954481128292,22.6981563904424,40.1314176585773,-17.4174717944506,43.5687311910038,-24.5732830781745,8,37.0,0.676418963343073
2007,11,4,Tennessee Titans,Carolina Panthers,20,7,-4.0,0.680874251544585,0.259192190459321,0.0599335579960945,0.49643490596948,0.44573329088967,0.0578318031408505,14.3751487313713,20.4712313379497,43.3668495004047,-22.8798286887708,37.3774392308828,-23.0022904995115,8,36.0,0.501779402665614
2007,11,5,Pittsburgh Steelers,Baltimore Ravens,38,7,-10.0,0.721039070059596,0.220874002069917,0.0580869278704862,0.272786572837198,0.665703426206614,0.0615100009561873,10.9890289080967,17.8663103472497,44.7346579020085,-26.8525580810746,38.5794838044573,-27.5904548963606,8,36.0,0.306743852007247
2007,12,10,Atlanta Falcons,New Orleans Saints,14,34,4.5,0.202518031610223,0.747084486321626,0.0503974820681505,0.435125591634501,0.564874408365499,0.0,27.7559493712766,18.3348637480306,36.1683475263458,-19.3209209642449,45.7100745707818,-17.9541251995052,13,42.5,0.594983684261004
2007,12,13,Houston Texans,Denver Broncos,31,13,-1.5,0.375660031353046,0.563091845367603,0.0612481232793508,0.336721472947419,0.663278527052583,0.0,29.4425171897521,26.6249594510345,43.6368113444579,-18.9644585284944,49.8085578705677,-20.3660406808156,14,47.0,0.682663204207822
2007,12,15,San Francisco 49ers,Cincinnati Bengals,20,13,9.5,0.188972433256311,0.761359571830369,0.0496679949133206,0.629101345698985,0.370898654301016,0.0,25.308745695845,14.7596904607259,34.1888692057454,-21.3817853800906,43.9165735436865,-18.6078278478415,14,43.0,0.381189140808941
2007,12,16,Carolina Panthers,Seattle Seahawks,13,10,7.0,0.11993987139547,0.841629712569184,0.038430416035346,0.375486416267294,0.55654392004646,0.0679696636862462,26.6413849477006,12.381646658678,34.3234710144429,-23.894430990836,46.5883079609297,-19.9469230132291,14,38.0,0.586660429971039
2007,12,16,Cleveland Browns,Buffalo Bills,8,0,-5.5,0.648049421229591,0.295204817065935,0.0567457617044741,0.435856239686259,0.564143760313741,0.0,23.1701761410383,28.9036665195584,49.9243821335476,-22.9733222490604,40.6546800407094,-17.4845038996711,14,45.0,0.631248945199755
2007,12,16,Dallas Cowboys,Philadelphia Eagles,6,10,-10.5,0.806461560518342,0.152764983844493,0.040773455637165,0.399731924307855,0.600268075692144,0.0,18.6016911712344,30.2174195661799,53.7132316344518,-25.448418703343,42.9877109044036,-24.3860197331692,14,48.5,0.367928805572446
2007,12,16,Kansas City Chiefs,Tennessee Titans,17,26,4.0,0.461758803596376,0.467135959711877,0.0711052366917465,0.660237030254447,0.285008364949372,0.0547546047961807,16.4639138665021,15.1166863484455,35.2245223564612,-22.0604426430868,39.5521245535391,-23.0882106870369,14,34.0,0.511416337396585
2007,12,16,Miami Dolphins,Baltimore Ravens,22,16,3.0,0.347227275932931,0.590265703777069,0.0625070202900001,0.486094851082684,0.455167320204644,0.0587378287126721,24.4619591663931,20.3906848631759,38.4109944016389,-19.972916173534,39.8230593558837,-15.3611001894906,14,37.5,0.745780534607839
2007,12,16,N.Y. Giants,Washington Redskins,10,22,-4.5,0.588581407419511,0.346523098900959,0.0648954936795308,0.401786582492194,0.598213417507806,0.0,16.9437827729366,20.1475898960105,41.9683450724427,-23.7733618115033,42.0135722855722,-25.0697895126357,14,40.0,0.393583433476409
2007,12,16,New England Patriots,N.Y. Jets,20,10,-24.0,0.981785066558128,0.0121166358223896,0.00609829761948255,0.253092779744372,0.693680902896864,0.0532263173587645,14.812755719215,40.2597121245553,60.5033409322613,-22.1962354427772,40.5336442811696,-25.7208885619546,14,50.5,0.523842208861522
2007,12,16,New Orleans Saints,Arizona Cardinals,31,24,-3.5,0.702531552913219,0.24544144227114,0.0520270048156409,0.584622736234888,0.415377263765112,0.0,25.3398561325511,32.6481579881374,46.3807891392996,-15.6852377862332,45.7280583531396,-20.3882022205885,14,49.5,0.635730019519164
2007,12,16,Oakland Raiders,Indianapolis Colts,14,21,10.5,0.0681809229815562,0.906093349531966,0.0257257274864774,0.45710087597917,0.54289912402083,0.0,30.2033708108399,12.347843710889,37.0127984215798,-26.6175613457619,50.6823440063669,-20.478973195527,14,45.0,0.360851174740192
2007,12,16,Pittsburgh Steelers,Jacksonville Jaguars,22,29,-4.0,0.521106214093206,0.412707215808273,0.0661865700985213,0.337169384087241,0.6095745953477,0.0532560205650595,19.3879819519946,20.6496825172762,43.8768389518281,-25.179763069623,48.3266902906656,-28.938708338671,14,39.5,0.525666272458614
2007,12,16,San Diego Chargers,Detroit Lions,51,14,-10.0,0.755674894460883,0.196331146504336,0.0479939590347811,0.331745713018924,0.614181674997704,0.0540726119833716,17.9305892980298,27.4492238197366,46.145983301958,-20.6493661172925,44.3074310834357,-26.3768417854058,14,45.5,0.392840449258373
2007,12,16,St. Louis Rams,Green Bay Packers,14,33,9.5,0.078350779839095,0.893460955980571,0.0281882641803338,0.423306153648762,0.576693846351236,0.0,30.1961261180572,13.2038988235604,37.5005446818274,-26.2492524933381,51.5427533364508,-21.3466272183936,14,44.0,0.441122134016589
2007,12,16,Tampa Bay Buccaneers,Atlanta Falcons,37,3,-13.0,0.977100611720774,0.0122115815788272,0.0106878067003991,0.512006307093201,0.423160133801007,0.0648335591057904,9.17774802444562,25.52087469939,40.5967187791819,-17.028450714863,35.6775353297679,-26.4997873053222,14,37.5,0.262888098409512
2007,12,17,Minnesota Vikings,Chicago Bears,20,13,-10.0,0.776347774366607,0.178151825866014,0.0455003997673796,0.356155814013357,0.588451368914356,0.0553928170722875,17.1740490793679,27.5027621182473,47.7618186638271,-22.211663180651,43.0068891809678,-25.8328401015999,14,43.5,0.469744172716667
2007,12,2,Arizona Cardinals,Cleveland Browns,31,35,-1.0,0.328330288070555,0.61353702317065,0.0581326887587943,0.292514085112411,0.671669711929443,0.0358162029581443,35.039833962932,30.3456658793685,44.6887242018707,-15.8082989642134,50.3022014842429,-15.2623675213109,12,52.0,0.72769834008488
2007,12,2,Carolina Panthers,San Francisco 49ers,31,14,-3.0,0.509200118939138,0.417512755340878,0.0732871257199839,0.380104965760187,0.554643943718583,0.0652510905212303,14.1975138886975,14.0348310522973,31.8076267530623,-19.2380363424763,33.5832885903747,-19.3857747016772,12,35.0,0.35163004943578
2007,12,2,Chicago Bears,N.Y. Giants,16,21,1.0,0.554071524591655,0.382392678854816,0.0635357965535292,0.617607321145184,0.341232359071074,0.0411603197837422,21.4946680685245,24.2003283122802,43.7095696065596,-20.9744819359907,41.6265212561114,-20.1318531875869,12,43.0,0.530257022289686
2007,12,2,Indianapolis Colts,Jacksonville Jaguars,28,25,-7.0,0.73105592179807,0.217664114158165,0.0512799640437652,0.420262882190524,0.515583338866744,0.064153778942731,17.507788357392,26.0835449967237,46.9309748878667,-22.3126705328542,45.0833753584713,-27.5755870010793,12,45.0,0.347443040745581
2007,12,2,Kansas City Chiefs,San Diego Chargers,10,24,4.0,0.255675941603739,0.684604187943455,0.0597198704528057,0.442991423581296,0.495179290739606,0.0618292856790983,21.812559165167,13.7532758772195,36.1598041035446,-23.8717688680363,45.8611398250026,-24.0485806598357,12,37.5,0.483310741920109
2007,12,2,Miami Dolphins,N.Y. Jets,13,40,-1.0,0.532328965442215,0.400118734501494,0.0675523000562914,0.492228132681156,0.467671034557785,0.0401008327610594,17.8020241907607,19.1729525619226,37.3785300434268,-19.6708181232154,37.6984775438145,-19.8964533530538,12,38.0,0.477107886124896
2007,12,2,Minnesota Vikings,Detroit Lions,42,10,-3.5,0.640168632304371,0.301989445604352,0.0578419220912768,0.512436500817349,0.48756349918265,0.0,20.7484722609246,26.2721747826524,45.5293254078036,-20.7223912668624,43.287024816238,-22.5385525553135,12,44.5,0.481026209933045
2007,12,2,New Orleans Saints,Tampa Bay Buccaneers,23,27,-3.0,0.40091077097673,0.53202211617554,0.0670671128477309,0.279457894518649,0.666348055580216,0.0541940499011352,21.03424027943,18.4584087823161,43.9550690736944,-26.9619009330894,39.7728568297642,-18.7386165503342,12,42.0,0.381425303637233
2007,12,2,Oakland Raiders,Denver Broncos,20,34,3.0,0.443121478310238,0.491131714156397,0.0657468075333649,0.58583695198868,0.357290277565716,0.0568727704456042,22.8836780543765,22.0714907724594,36.9961233274041,-16.3898731966559,44.4857684011431,-21.6020903467666,12,41.5,0.565531927183205
2007,12,2,Philadelphia Eagles,Seattle Seahawks,24,28,-3.0,0.619527163179222,0.316927620621801,0.0635452161989776,0.488972544547105,0.448437930258862,0.0625895251940326,16.2812014267241,20.4893858854668,43.4717196347151,-24.4475743909595,41.8469416286595,-25.5657402019354,12,43.0,0.249057405774596
2007,12,2,Pittsburgh Steelers,Cincinnati Bengals,24,10,-7.0,0.766854820388376,0.187126848986984,0.04601833062464,0.469067185845015,0.468037097000631,0.062895717154353,18.9245431139311,28.9739833452354,44.4947390722099,-16.9859963686857,45.1998435472766,-26.2753004333456,12,48.0,0.351392573989291
2007,12,2,St. Louis Rams,Atlanta Falcons,28,16,-3.0,0.58025068499088,0.354502365177403,0.0652469498317174,0.448400948486358,0.489899142529368,0.0616999089842734,18.210686965227,21.3400768657559,37.5741404032629,-17.6993041792183,35.8348516361132,-17.6241646708862,12,40.5,0.442565432564672
2007,12,2,Tennessee Titans,Houston Texans,28,20,-3.5,0.360109275977674,0.574708364194885,0.0651823598274415,0.244078151812237,0.755921848187763,0.0,22.7139213108484,18.9792972357369,36.6931633129856,-19.1791067189599,40.859374361961,-18.1454530511126,12,43.0,0.411197393575198
2007,12,2,Washington Redskins,Buffalo Bills,16,17,-5.0,0.702253327083498,0.240692695193031,0.0570539777234718,0.493726544165356,0.477284496290553,0.0289889595440913,14.8088669297616,21.8157692854135,41.3157475311576,-20.9652188874554,36.776329704037,-21.9674627742753,12,37.5,0.471921691810407
2007,12,20,St. Louis Rams,Pittsburgh Steelers,24,41,9.5,0.19653200394489,0.752582154367278,0.0508858416878321,0.636161838770101,0.363838161229899,0.0,24.0650494886496,13.6985220073469,36.5282657509087,-24.8830770768952,43.348078546892,-19.2830290582423,15,43.5,0.295410378308671
2007,12,22,Carolina Panthers,Dallas Cowboys,13,20,10.5,0.131304064188255,0.828322806798127,0.0403731290136181,0.597774154080342,0.402225845919658,0.0,26.3226312476289,12.659084888353,34.0368230934308,-23.4310715384111,48.6256231414965,-22.3029918938676,15,44.0,0.293686809578424
2007,12,23,Arizona Cardinals,Atlanta Falcons,30,27,-10.0,0.798977945534401,0.160403329815836,0.0406187246497634,0.394338592687631,0.550892932098437,0.0547684752139324,19.5396285493038,30.8134171637463,44.8517004269803,-16.0916165965673,34.3203141963062,-14.7806856470023,15,43.5,0.651406788652231
2007,12,23,Buffalo Bills,N.Y. Giants,21,38,3.0,0.50332192669649,0.42690166617781,0.0697764071257003,0.642203546654077,0.302977361101132,0.0548190922447906,16.3903476271255,16.4395974092464,36.8331347109522,-22.4468706350392,39.8072205976904,-23.4168729705649,15,34.0,0.543000387504018
2007,12,23,Chicago Bears,Green Bay Packers,35,7,9.0,0.170507258707434,0.784539059742392,0.0449536815501738,0.570065712569585,0.397652894980939,0.0322813924494749,29.2353366095539,18.3026689752548,40.4751278682629,-24.2257922263415,50.7417994281975,-21.5064628186436,15,32.0,0.949014901429077
2007,12,23,Cincinnati Bengals,Cleveland Browns,19,14,3.0,0.343031175416831,0.596977727554044,0.0599910970291253,0.480179194913579,0.461712198771832,0.0581086063145893,27.0590386047023,23.1766804612848,40.5973149349082,-19.4739678069567,46.3486007619151,-19.2895621572128,15,43.5,0.656170124030956
2007,12,23,Detroit Lions,Kansas City Chiefs,25,20,-4.5,0.647592175931821,0.29318382429567,0.0592239997725085,0.464250920024762,0.535749079975238,0.0,17.9684603669471,23.4698999695225,42.3472728826415,-20.9307062464523,34.4954223230236,-16.5269619560765,15,43.5,0.368159013720786
2007,12,23,Indianapolis Colts,Houston Texans,38,15,-7.0,0.759501342428512,0.193759887927736,0.0467387696437522,0.459892817767969,0.476982436167238,0.0631247460647914,18.5188566662078,28.2284212354568,48.5681202119617,-22.3930323098383,43.8924022152227,-25.3735455490149,15,44.5,0.472144077768274
2007,12,23,Jacksonville Jaguars,Oakland Raiders,49,11,-13.0,0.938581446732999,0.0440925261511821,0.0173260271158191,0.541517783774195,0.416349211808513,0.0421330044172913,11.7135304411753,31.4394571384465,49.2996624456753,-19.9135386405621,36.1039812283036,-24.3904507871282,15,38.5,0.626279262312018
2007,12,23,Minnesota Vikings,Washington Redskins,21,32,-6.5,0.733911876001732,0.214980628248848,0.0511074957494198,0.488086849491754,0.511913150508246,0.0,16.235259253891,24.7202937477935,45.4993255289214,-22.8323651144612,41.0971483569463,-24.8618891030553,15,40.5,0.480123503249899
2007,12,23,New England Patriots,Miami Dolphins,28,7,-21.5,0.994509433108054,0.00333221890593561,0.00215834798601029,0.518767811903897,0.481232188096103,0.0,13.7582234996269,43.6810563429775,56.4121270104037,-14.7844040007595,38.0813335662663,-24.3231100666394,15,43.5,0.860503190320154
2007,12,23,New Orleans Saints,Philadelphia Eagles,23,28,-3.0,0.586263323951362,0.350921671978841,0.0628150040697971,0.455774366239015,0.483842194806257,0.0603834389547279,19.3580288164096,22.8118549618389,46.9188288710523,-26.1603072425467,40.4215246097014,-21.0634957932919,15,46.0,0.274011261780103
2007,12,23,San Francisco 49ers,Tampa Bay Buccaneers,21,19,7.0,0.151368052491856,0.803455029566456,0.0451769179416883,0.424591712060186,0.506295398297952,0.0691128896418625,23.2777146486284,10.383975453613,33.8012812848475,-25.4706391645678,42.2170432161309,-18.9393285675025,15,36.5,0.49750154412012
2007,12,23,Seattle Seahawks,Baltimore Ravens,27,6,-10.0,0.847993665274114,0.116750303995276,0.0352560307306092,0.455067395744521,0.484300453663691,0.0606321505917879,14.0591503064066,27.4855458721699,44.2015839172859,-18.7693713784493,37.1864264114225,-23.1272761050159,15,39.0,0.562729650503215
2007,12,23,Tennessee Titans,N.Y. Jets,10,6,-9.0,0.558858350501564,0.375201476484049,0.0659401730143876,0.195642641050745,0.782248420936222,0.0221089380130329,17.4471731094429,19.5996504647743,40.5040562936614,-22.9577391622205,38.8651477520063,-21.4179746425634,15,37.0,0.532485592126549
2007,12,24,San Diego Chargers,Denver Broncos,23,3,-9.0,0.809985594712174,0.150511623953375,0.0395027813344503,0.463748911166725,0.507093819909985,0.0291572689232892,21.2357149793919,32.783742770312,48.4680476565484,-17.7376382195697,46.6200001971566,-25.3842852177647,15,47.0,0.626637781871994
2007,12,29,N.Y. Giants,New England Patriots,35,38,14.5,0.132637399678686,0.829841781311803,0.0375208190095113,0.77118790214577,0.22881209785423,0.0,32.5066844625102,19.6095223268463,43.0995608715075,-25.8759306608437,54.7041813287021,-22.1974968661919,16,44.0,0.712286076349798
2007,12,3,Baltimore Ravens,New England Patriots,24,27,20.5,0.00806999919507526,0.987176582986256,0.00475341781866852,0.573598770617034,0.426401229382968,0.0,41.3022987641185,12.667112427968,35.3621025536582,-24.1602307674014,62.1468258136504,-20.8445270495319,12,51.5,0.416819327049964
2007,12,30,Arizona Cardinals,St. Louis Rams,48,19,-6.0,0.627598601245393,0.315379782150673,0.0570216166039339,0.376591606121439,0.584970272040919,0.0384381218376414,24.4497233367621,29.5140446683426,44.9385014148701,-17.8103488627101,38.5715954786909,-14.1218721419288,16,48.0,0.55623329458253
2007,12,30,Atlanta Falcons,Seattle Seahawks,44,41,-3.0,0.131316401457323,0.828877430001431,0.0398061685412464,0.0727910102354264,0.903703553890181,0.0235054358743915,26.457593432462,12.7206860283274,35.367319330973,-25.0325254188281,44.4339347369805,-17.9763413045185,16,38.0,0.591226469745863
2007,12,30,Baltimore Ravens,Pittsburgh Steelers,27,21,3.5,0.143421595571695,0.815398669325885,0.0411797351024207,0.290729675740141,0.709270324259858,0.0,27.9978080091357,15.261315773637,36.9836504398965,-24.108226782442,47.0206749599697,-19.022866950834,16,35.5,0.807902685041965
2007,12,30,Chicago Bears,New Orleans Saints,33,25,1.0,0.585052161469672,0.353249727597065,0.0616981109332633,0.646750272402935,0.313069959102052,0.0401797684950126,21.0762996586154,24.6405203675985,42.2870022710578,-20.0323740196419,46.3815195539168,-25.3052198953013,16,41.0,0.614926740134812
2007,12,30,Cleveland Browns,San Francisco 49ers,20,7,-10.0,0.801003737245906,0.155986111452514,0.0430101513015804,0.381542760791857,0.559738702017917,0.0587185371902247,14.7907174632783,25.8610816790633,43.9621776175336,-20.4869880546529,35.553711133372,-20.7629936700937,16,39.5,0.519729479985969
2007,12,30,Denver Broncos,Minnesota Vikings,22,19,3.0,0.318946973747533,0.621569924482077,0.0594831017703903,0.454561407513272,0.487058453799951,0.0583801386867777,27.2697338344374,22.4172483840902,43.4560084766689,-23.4246522087613,45.6777478685659,-18.4080140341284,16,41.0,0.751494948674239
2007,12,30,Green Bay Packers,Detroit Lions,34,13,-3.0,0.864082237987712,0.105198955469561,0.0307188065427276,0.782764366051044,0.179044693479288,0.0381909404696672,20.5003782604723,34.7731107798223,47.8647035062726,-15.4774848426329,42.6262687792789,-22.1258905188066,16,37.0,0.943987091229757
2007,12,30,Houston Texans,Jacksonville Jaguars,42,28,-6.5,0.177820832499954,0.777271590264501,0.0449075772355446,0.0562465992713877,0.943753400728613,0.0,30.8465932676387,20.3515534138913,42.877589465032,-24.9119281673233,50.8949683337992,-20.0483750661605,16,41.0,0.798029278451122
2007,12,30,Indianapolis Colts,Tennessee Titans,10,16,6.5,0.90232413373613,0.0725995018470559,0.0250763644168144,0.983748890431382,0.0162511095686194,0.0,13.4331894893162,30.1974946942708,50.0228347339713,-22.2112321558831,39.6228833894335,-26.1896939001173,16,39.5,0.61451817003031
2007,12,30,Miami Dolphins,Cincinnati Bengals,26,38,3.0,0.354372436773117,0.580889204009726,0.0647383592171573,0.493757798002591,0.445967998276821,0.0602742037205884,21.6086866146272,17.2248282129935,37.0043125633109,-22.1653764664999,39.863232079157,-18.2545454645298,16,46.5,0.198794737318145
2007,12,30,N.Y. Jets,Kansas City Chiefs,13,10,-6.5,0.803869345614011,0.150665611824964,0.0454650425610246,0.57644233336175,0.42355766663825,0.0,10.3581678898711,20.7769640172985,38.0983323181839,-19.707260417068,34.3692904472599,-24.0111225573888,16,34.0,0.454160613773915
2007,12,30,Oakland Raiders,San Diego Chargers,17,30,9.0,0.0760721056576042,0.896460342756567,0.0274675515858292,0.378834977705181,0.590677034032314,0.0304879882625048,28.3964820696226,10.6814773241826,36.1537617351724,-27.8581765271724,46.2622382289862,-17.8657561593636,16,41.0,0.445023750518122
2007,12,30,Philadelphia Eagles,Buffalo Bills,17,9,-9.0,0.837363123138192,0.124038216066709,0.0385986607950986,0.49201589249265,0.476579943865876,0.0314041636414748,11.8887210328606,24.3573595821452,42.9013807631195,-20.929913297157,38.3420079492511,-26.4532869163905,16,36.0,0.533199655538205
2007,12,30,Tampa Bay Buccaneers,Carolina Panthers,23,31,3.0,0.950547096601095,0.0272650738229172,0.0221878295759873,0.98294543630394,0.00921423348070369,0.00784033021535673,8.30095096227853,20.5029293236479,41.6497868299964,-23.5327496225311,33.9309669962737,-25.6300160339951,16,36.0,0.148348810957398
2007,12,30,Washington Redskins,Dallas Cowboys,21,24,-9.0,0.457724359567888,0.47673080731355,0.0655448331185617,0.134421931478113,0.848206879089965,0.0173711894319207,22.1506491958776,21.5447858071671,43.8508951941364,-24.6920015031519,47.2767527085999,-25.1261035127224,16,39.5,0.639584750923209
2007,12,6,Washington Redskins,Chicago Bears,24,16,-3.0,0.51353081683325,0.419948512275233,0.066520670891517,0.382724915332389,0.557456139616604,0.0598189450510058,20.0973465586389,21.2056487563923,40.9926257977512,-21.2744142272885,42.5890450437398,-22.4916984851009,13,37.0,0.679982686880512
2007,12,9,Baltimore Ravens,Indianapolis Colts,20,44,8.5,0.150689977953212,0.804498510269093,0.0448115117776951,0.538292653368037,0.461707346631963,0.0,24.7829878823378,12.1407285754875,37.9016865284721,-27.2483951389142,47.996450146834,-23.2134622644962,13,42.0,0.328330481118854
2007,12,9,Buffalo Bills,Miami Dolphins,38,17,-7.0,0.723630689045882,0.22156784859452,0.0548014623595973,0.403795721629599,0.52758480380758,0.0686194745628212,14.4884574174389,22.2098970300632,37.1791900066958,-16.4567301625623,36.8670274713653,-22.3785700539264,13,37.0,0.510766769723632
2007,12,9,Cincinnati Bengals,St. Louis Rams,19,10,-10.0,0.715490864916631,0.232629612865279,0.0518795222180905,0.287926252171928,0.660965655049721,0.0511080927783503,19.3852192306973,27.4827702784983,45.5554199015409,-19.5600868089723,38.5475420046286,-19.1623227739313,13,45.5,0.438007397579087
2007,12,9,Denver Broncos,Kansas City Chiefs,41,7,-6.5,0.600003725318884,0.33753250205238,0.0624637726287354,0.342201301889876,0.657798698110124,0.0,19.5707551468064,23.5968689112086,47.0310204331044,-24.9215887078255,35.7216514718168,-16.1508963250104,13,37.5,0.686240204632143
2007,12,9,Detroit Lions,Dallas Cowboys,27,28,10.5,0.0956361640747186,0.873848172695374,0.0305156632299071,0.516649821698095,0.483350178301905,0.0,34.6177303153484,19.5387772189421,42.3917751542852,-24.3404351212728,53.8072975104347,-19.1895671950864,13,51.5,0.406669092290782
2007,12,9,Green Bay Packers,Oakland Raiders,38,7,-10.5,0.930641781148105,0.0501156341031615,0.0192425847487336,0.637223662961004,0.362776337038996,0.0,12.5993133116974,31.6396195993593,50.1124826270414,-19.9603002136117,37.1918058328537,-24.5924925211563,13,41.5,0.526487510164591
2007,12,9,Houston Texans,Tampa Bay Buccaneers,28,14,3.0,0.253924001219175,0.687004042252288,0.0590719565285368,0.381798782673564,0.558899568675765,0.05930164865067,22.7558631000115,14.851612474925,40.8403448405698,-27.4761695515744,41.5056068648731,-18.7497437648616,13,40.0,0.4427917004754
2007,12,9,Jacksonville Jaguars,Carolina Panthers,37,6,-10.5,0.901911192547634,0.0719451767068556,0.0261436307455102,0.555781079832957,0.444218920167044,0.0,11.3854722740177,27.9192967960735,47.1990333533415,-20.7671737431977,34.554411575587,-23.1689393015693,13,37.5,0.545792788845912
2007,12,9,N.Y. Jets,Cleveland Browns,18,24,3.5,0.362140664593145,0.576734243712516,0.0611250916943387,0.554939986655811,0.44506001334419,0.0,29.8718349786628,26.6445343060983,41.4263189574051,-16.2692218372365,50.600833461579,-20.7289984829162,13,47.5,0.663273125543425
2007,12,9,New England Patriots,Pittsburgh Steelers,34,13,-11.0,0.825028945333806,0.137427292619735,0.0375437620464586,0.376585221547354,0.571027561429055,0.052387217023589,20.9657555138158,33.3459160812427,59.9709787695114,-28.1124998741984,44.3106015853973,-23.3448460715815,13,49.0,0.536013348687917
2007,12,9,Philadelphia Eagles,N.Y. Giants,13,16,-3.0,0.6317844119887,0.306142922070383,0.0620726659409171,0.502050832350415,0.436018229950741,0.0619309376988441,17.1719795133921,21.9553011659332,43.7364176312594,-23.2685536512559,41.3498235551552,-24.177844041763,13,42.5,0.345475097293602
2007,12,9,San Francisco 49ers,Minnesota Vikings,7,27,9.5,0.0637526025037867,0.911544407271668,0.0247029902245454,0.381505461949965,0.618494538050035,0.0,29.9075743167552,11.6043568885412,34.73568975138,-24.6187700487685,47.6161780256129,-17.7086037088578,13,39.0,0.632738991804371
2007,12,9,Seattle Seahawks,Arizona Cardinals,42,21,-7.0,0.689912572276656,0.25607372464903,0.0540137030743141,0.37710798595432,0.561421156426605,0.0614708576190739,21.2146401194778,28.4126952010298,43.9044014284929,-16.9791434133928,45.6773886002213,-24.4627484807435,13,45.0,0.551183906904749
2007,12,9,Tennessee Titans,San Diego Chargers,17,23,1.0,0.16853240129106,0.784531124648276,0.0469364740606641,0.215468875351724,0.750544384316949,0.0339867403313273,26.2191342403637,14.8485446111721,38.7097811232574,-25.348673698015,47.0280683338018,-20.8089340934382,13,41.0,0.501340087719068
2007,9,16,Arizona Cardinals,Seattle Seahawks,23,20,3.0,0.436814878373631,0.494460196025657,0.0687249256007121,0.582121172085232,0.35746840586267,0.0604104220520963,21.2586734498205,20.0972821979663,41.7656310427922,-21.5510019060503,39.9855045978681,-18.7268311480476,1,0.0,0.0
2007,9,16,Baltimore Ravens,N.Y. Jets,20,13,-9.5,0.703284418305646,0.237887265129935,0.0588283165644189,0.317048338999594,0.682951661000408,0.0,13.2778852098727,19.6438487413564,41.238682862333,-21.4774871822011,41.100933925507,-27.8230487156344,1,0.0,0.0
2007,9,16,Carolina Panthers,Houston Texans,21,34,-6.5,0.433507071604661,0.492488629833365,0.074004298561974,0.206153731738185,0.793846268261815,0.0,15.129624939569,12.3285669816639,37.1361970780376,-24.6902831575982,38.8931340988193,-23.7635091592503,1,0.0,0.0
2007,9,16,Chicago Bears,Kansas City Chiefs,20,10,-12.0,0.650160403448409,0.287867250346089,0.0619723462055021,0.158477760774955,0.824535281482125,0.0169869577429204,16.1473654062677,21.250824399763,41.9284731306555,-20.5603017921169,38.9482089267863,-22.8008435205185,1,0.0,0.0
2007,9,16,Cleveland Browns,Cincinnati Bengals,51,45,6.5,0.0730551795413648,0.899429550423942,0.0275152700346936,0.287691976656839,0.71230802334316,0.0,30.5729401217201,13.288152514847,33.8453029657185,-20.4398035120959,47.7378477169388,-17.1649075952186,1,0.0,0.0
2007,9,16,Denver Broncos,Oakland Raiders,20,20,-10.0,0.83991281453685,0.121267106425254,0.0388200790378959,0.42937065133233,0.505684406665136,0.0649449420025339,12.6423093662065,25.3372259219082,43.7746087912141,-18.3200359305304,32.6099020787383,-19.9675927125319,1,0.0,0.0
2007,9,16,Detroit Lions,Minnesota Vikings,20,17,-3.0,0.519392796035018,0.414131153805362,0.0664760501596198,0.385391223829533,0.55496256087966,0.0596462152908069,22.6533156417782,24.4834893781554,46.5081484326064,-21.9073121156755,39.5083832470567,-16.8550676052785,1,0.0,0.0
2007,9,16,Jacksonville Jaguars,Atlanta Falcons,13,7,-10.5,0.879408943196995,0.0888298777991464,0.0317611790038583,0.497528152161762,0.502471847838238,0.0,10.2522496822591,24.6892733072557,42.3935618570063,-17.5869416109751,34.702770160344,-24.4505204780849,1,0.0,0.0
2007,9,16,Miami Dolphins,Dallas Cowboys,20,37,3.5,0.449727207637732,0.481663622442008,0.0686091699202599,0.654364869520275,0.345635130479725,0.0,21.3814879225293,20.6201216839273,37.1483246202055,-16.4108559975027,46.2651562851287,-24.8836683625994,1,0.0,0.0
2007,9,16,N.Y. Giants,Green Bay Packers,13,35,-3.0,0.365370062180352,0.568040191067793,0.0665897467518546,0.246737154060864,0.702456614716712,0.0508062312224252,23.3093544028065,19.9181335799002,44.1360057611856,-24.1005252425099,38.9809762685223,-15.6716218657158,1,0.0,0.0
2007,9,16,New England Patriots,San Diego Chargers,38,14,-3.5,0.641750355272042,0.298682989529034,0.0595666551989243,0.509917465309634,0.490082534690366,0.0,22.604452470429,28.4663585286066,53.3438358358674,-24.7601303684853,45.447485621129,-22.8430331507,1,0.0,0.0
2007,9,16,Pittsburgh Steelers,Buffalo Bills,26,3,-10.0,0.496414158182945,0.435491361218677,0.0680944805983783,0.118942427529039,0.846699349362545,0.0343582231084171,20.4779014375812,21.2221563340866,45.9274993030817,-24.5879960302197,42.6428584869746,-22.1649570493934,1,0.0,0.0
2007,9,16,St. Louis Rams,San Francisco 49ers,16,17,-3.5,0.553598869407301,0.380086809796221,0.0663143207964782,0.420147355625914,0.579852644374087,0.0,20.1317962292892,22.726577197214,42.4961721693913,-19.6522480334019,37.0256098145403,-16.893813585251,1,0.0,0.0
2007,9,16,Tampa Bay Buccaneers,New Orleans Saints,31,14,3.5,0.252966303468785,0.68819124013217,0.0588424563990451,0.446172157823665,0.553827842176335,0.0,24.661820672758,17.0664934049217,32.9982112792179,-15.8143709355207,43.243583147237,-18.5817624744789,1,0.0,0.0
2007,9,16,Tennessee Titans,Indianapolis Colts,20,22,7.0,0.273217982056007,0.667802595424928,0.0589794225190652,0.607772088130796,0.328013302991983,0.0642146088772199,27.5422206555841,21.2639354093205,44.3703633651052,-22.9890810170092,50.3647885226071,-22.822567867023,1,0.0,0.0
2007,9,17,Philadelphia Eagles,Washington Redskins,12,20,-7.0,0.610693463271716,0.324795677401219,0.0645108593270651,0.287625276800776,0.648928564275332,0.0634461589238922,17.6582260643462,21.7295129454622,39.9956245301502,-18.1487646459125,38.5251085348665,-20.8668824705204,1,0.0,0.0
2007,9,23,Atlanta Falcons,Carolina Panthers,20,27,4.0,0.337321770935599,0.593378698209344,0.0692995308550568,0.539660944835506,0.399520527062799,0.0608185281016949,18.5886549680424,12.9667301443581,31.8489443732727,-18.9927669927336,39.8970035212889,-21.3083485532466,2,0.0,0.0
2007,9,23,Baltimore Ravens,Arizona Cardinals,26,23,-7.0,0.712800860922936,0.229566946202276,0.0576321928747878,0.386093627196664,0.542084930488595,0.0718214423147415,14.4744899460264,21.6058474378603,41.0746801438737,-19.5793854698325,42.3540983443306,-27.8796083983041,2,0.0,0.0
2007,9,23,Chicago Bears,Dallas Cowboys,10,34,-3.0,0.418884150157243,0.515353672576021,0.0657621772667359,0.293457951383789,0.652659079581578,0.0538829690346329,26.4265697052181,25.2652359678335,42.2106300998334,-17.0559468958191,49.3572370689127,-22.9306673636946,2,0.0,0.0
2007,9,23,Denver Broncos,Jacksonville Jaguars,14,23,-3.0,0.255518401798727,0.684465371697295,0.0600162265039787,0.158984981193316,0.799669736813089,0.041345281993595,24.0415759531026,16.3609449405292,41.8216943320298,-25.5713021553197,40.430416093102,-16.3888401399994,2,0.0,0.0
2007,9,23,Green Bay Packers,San Diego Chargers,31,24,4.0,0.53258575696288,0.397296843478285,0.0701173995588354,0.727128947093139,0.222910869362514,0.0499601835443465,17.5147446620897,18.648896236524,41.1865645820925,-22.6482211093877,43.5684045302532,-26.0536598681635,2,0.0,0.0
2007,9,23,Houston Texans,Indianapolis Colts,24,30,5.0,0.286298836137914,0.651680106660286,0.0620210572017999,0.548872346855722,0.420362053009416,0.0307656001348634,24.8948432246877,18.7348421114103,42.4984072769535,-23.8741179293623,49.0146645403617,-24.119821315674,2,0.0,0.0
2007,9,23,Kansas City Chiefs,Minnesota Vikings,13,10,-2.0,0.485116214078974,0.442083014419448,0.0728007715015783,0.418508629981769,0.553410799623932,0.0280805703942996,16.5264257036004,15.6296462669277,37.3182781958139,-21.7991846927054,38.8855541690114,-22.359128465411,2,0.0,0.0
2007,9,23,N.Y. Jets,Miami Dolphins,31,28,-3.0,0.6447965294571,0.290773910035311,0.0644295605075893,0.514805133650705,0.420928742452102,0.0642661238971928,15.1281750639339,19.8031046362581,41.0749543971193,-21.3824025246804,37.9547572804927,-22.8265822165588,2,0.0,0.0
2007,9,23,New England Patriots,Buffalo Bills,38,7,-16.5,0.922229544146095,0.0562646682672355,0.021505787586669,0.363357917088399,0.636642082911601,0.0,14.4276052758758,32.863946515076,55.1673797810817,-22.4139860298248,38.51441339219,-24.0868081163142,2,0.0,0.0
2007,9,23,Oakland Raiders,Cleveland Browns,26,24,-3.0,0.209263830713331,0.736650168559446,0.0540860007272236,0.123755219646931,0.841158746018425,0.0350860343346435,26.8013010166502,17.5550633045865,33.038118260406,-15.5936077196386,44.661932531839,-17.8606315151889,2,0.0,0.0
2007,9,23,Philadelphia Eagles,Detroit Lions,56,21,-4.5,0.370640847787404,0.562975230251781,0.0663839219608159,0.206488775695323,0.793511224304677,0.0,24.1223395743497,21.0059532364018,39.2651641545258,-18.3697636819431,45.1287231168969,-21.0063835425472,2,0.0,0.0
2007,9,23,Pittsburgh Steelers,San Francisco 49ers,37,16,-9.0,0.980362825464047,0.00982532037162656,0.00981185416432625,0.763286256500137,0.204838551516136,0.031875191983727,8.13697859857389,24.0132478054143,44.8586160753038,-20.9559210337086,36.9257852865928,-28.7888066880189,2,0.0,0.0
2007,9,23,Seattle Seahawks,Cincinnati Bengals,24,21,-3.5,0.358736147025403,0.577975112722488,0.0632887402521095,0.242358276033757,0.757641723966242,0.0,28.5119954185436,25.5029916221047,40.9289037139029,-15.5364648556174,50.739029983112,-22.2270345645684,2,0.0,0.0
2007,9,23,Tampa Bay Buccaneers,St. Louis Rams,24,3,-3.5,0.518244267541277,0.411351344053455,0.0704043884052687,0.385591720833479,0.614408279166524,0.0,18.2619164011645,19.1182249079014,36.8370553999499,-17.8293832558676,40.2499635782343,-21.9880471770698,2,0.0,0.0
2007,9,23,Washington Redskins,N.Y. Giants,17,24,-3.5,0.552552229001039,0.381115839445105,0.0663319315538559,0.417868257245424,0.582131742754576,0.0,21.4387430304241,24.2237850225314,38.1353952041526,-14.0221629454403,42.5203233221537,-21.0815802917297,2,0.0,0.0
2007,9,24,New Orleans Saints,Tennessee Titans,14,31,-4.5,0.160665407300141,0.793670146451533,0.0456644462483265,0.0678643218377796,0.93213567816222,0.0,29.6131082531482,18.4259883496575,41.8505300717599,-23.5350944859215,44.7622462660268,-15.1491380128786,2,0.0,0.0
2007,9,30,Arizona Cardinals,Pittsburgh Steelers,21,14,4.0,0.122920310694871,0.83754784350553,0.0395318457995989,0.267105850948986,0.678997474661351,0.0538966743896631,29.5306106017658,16.0550822593269,44.1601609830228,-28.3438846938452,47.3006543743712,-17.7700437726054,3,0.0,0.0
2007,9,30,Atlanta Falcons,Houston Texans,26,16,3.0,0.140063698138885,0.815802556330261,0.0441337455308544,0.237159881451953,0.710880492360544,0.0519596261875032,24.146938043964,10.7525886798347,33.8830839416797,-23.3693012319943,43.5450786603515,-19.3981406163874,3,0.0,0.0
2007,9,30,Buffalo Bills,N.Y. Jets,17,14,2.5,0.38713060271873,0.543662863281102,0.0692065340001679,0.532545360906641,0.467454639093358,0.0,20.6774657472944,17.5692160284285,37.2218358276198,-19.8914257693406,42.8824741171418,-22.2050083698474,3,0.0,0.0
2007,9,30,Carolina Panthers,Tampa Bay Buccaneers,7,20,-3.0,0.390071784870688,0.540014072772143,0.06991414235717,0.269411742519739,0.674727059912965,0.0558611975672972,19.7448028477085,16.4735292576116,40.3851886240173,-24.1504653365549,37.9158379973092,-18.1710351496008,3,0.0,0.0
2007,9,30,Cleveland Browns,Baltimore Ravens,13,27,4.0,0.2105373944448,0.735041560326421,0.0544210452287789,0.394299767244332,0.54359548757766,0.0621047451780071,26.0509420358834,16.8297475189252,43.9103120585536,-27.3193705097777,40.6662645281725,-14.6153224922892,3,0.0,0.0
2007,9,30,Dallas Cowboys,St. Louis Rams,35,7,-11.0,0.882461578934206,0.088301685875878,0.0292367351899157,0.470461342583736,0.476535060477618,0.0530035969386458,18.0091746801106,33.8186272687943,50.0714360500626,-16.4916147514175,37.0270943191536,-19.0179196390429,3,0.0,0.0
2007,9,30,Detroit Lions,Chicago Bears,37,27,3.0,0.342871447625818,0.592403483380764,0.0647250689934173,0.486173013952368,0.451238252532935,0.0625887335146977,26.3406376724973,22.623173472733,44.3780298893115,-21.9936623867278,39.4190431438142,-13.0784054713169,3,0.0,0.0
2007,9,30,Indianapolis Colts,Denver Broncos,38,20,-9.5,0.874087122910078,0.0947599610558713,0.0311529160340505,0.56276214037065,0.437237859629351,0.0,16.3629114391379,31.7476398628063,49.9729831446659,-18.4641492520089,40.260698931925,-23.897787492787,3,0.0,0.0
2007,9,30,Miami Dolphins,Oakland Raiders,17,35,-3.5,0.722531052711405,0.221798502586222,0.0556704447023735,0.600847989346494,0.399152010653506,0.0,15.2202157687974,23.1083607877023,39.8915068905668,-17.0219520730137,33.9505713088623,-18.730355540065,3,0.0,0.0
2007,9,30,Minnesota Vikings,Green Bay Packers,16,23,1.5,0.206957265115161,0.737344940096457,0.055697794788382,0.298269319429257,0.701730680570742,0.0,21.0058479135794,10.6063748245224,35.4866369931276,-25.1190681387545,43.3754612623487,-22.3696133487693,3,0.0,0.0
2007,9,30,N.Y. Giants,Philadelphia Eagles,16,3,3.0,0.223423172732652,0.722752803664837,0.0538240236025116,0.347043175541194,0.593445572193689,0.0595112522651176,30.4522419587253,22.3950429430932,43.2268281701399,-21.0705911971959,45.2765828287622,-14.8243408700369,3,0.0,0.0
2007,9,30,San Diego Chargers,Kansas City Chiefs,16,30,-13.0,0.710471544767701,0.232061714473394,0.057466740758905,0.171648283159789,0.796046596484363,0.032305120355848,14.4981652403316,21.7253947439803,44.5278054475889,-23.0412166737578,35.661523707662,-21.1633584673304,3,0.0,0.0
2007,9,30,San Francisco 49ers,Seattle Seahawks,3,23,1.0,0.255120336732143,0.683929160247873,0.0609505030199839,0.316070839752127,0.644000938853697,0.0399282213941769,22.0090730968399,13.9419740955849,38.0141707437492,-24.3110026183135,39.9023487077212,-17.8932756108814,3,0.0,0.0
2008,1,5,Pittsburgh Steelers,Jacksonville Jaguars,29,31,1.0,0.346693125418639,0.594125503386999,0.0591813711943625,0.405874496613001,0.552321248246597,0.0418042551404021,28.5888089446971,24.7751885036363,44.7204629197683,-22.3727253965241,51.3899728248267,-22.8011638801296,17,37.5,0.908816405861754
2008,1,5,Seattle Seahawks,Washington Redskins,35,14,-4.0,0.510864182564193,0.425633397682773,0.0635024197530343,0.329822495576541,0.618473150318925,0.0517043541045341,22.4960125208615,23.7874792597888,46.1891202823435,-24.8290920029468,44.0724079830056,-21.5763954621441,17,40.0,0.694252708828046
2008,1,6,San Diego Chargers,Tennessee Titans,17,6,-9.0,0.814967956430397,0.143304407046287,0.0417276365233165,0.457564614530587,0.510998145249551,0.0314372402198622,12.3466433864897,23.7348985582635,47.8305901219218,-26.5231425440505,39.9285443466603,-27.5819009601706,17,40.0,0.340568034757656
2008,1,6,Tampa Bay Buccaneers,N.Y. Giants,14,24,-3.0,0.501965951563205,0.433528253936659,0.0645057945001358,0.372596810947622,0.570791107212251,0.0566120818401274,21.4894462665875,22.3010180095797,41.8710821955045,-21.9975151663169,45.3025539635661,-23.8131076969787,17,39.5,0.640950460764008
2008,1,12,Green Bay Packers,Seattle Seahawks,42,20,-9.0,0.67707620877123,0.26917355820001,0.0537502330287608,0.30464114695675,0.668723253729224,0.0266355993140261,21.8667057909659,28.6034045794046,47.7523490611566,-21.5763954621441,46.1891202823435,-24.3224144913776,17,40.0,0.797609521162717
2008,1,12,New England Patriots,Jacksonville Jaguars,31,20,-13.0,0.733996719218731,0.218851117137271,0.0471521636439971,0.214881621222118,0.75330474768694,0.0318136310909408,27.4067884020337,35.6162899758783,55.5615643920102,-22.3727253965241,51.3899728248267,-23.9831844227929,17,47.5,0.833010286535608
2008,1,13,Dallas Cowboys,N.Y. Giants,17,21,-9.0,0.722441202053952,0.227963624078784,0.0495951738672638,0.351271312395542,0.620460716841174,0.028267970763284,20.2239348307539,28.5384944928451,48.1085586787698,-21.9975151663169,45.3025539635661,-25.0786191328122,17,47.0,0.43620133372346
2008,1,13,Indianapolis Colts,San Diego Chargers,24,28,-9.0,0.518244355255414,0.417045940627929,0.0647097041166573,0.170127073385449,0.809429304473024,0.020443622141527,20.2225256795254,21.3513098683799,46.5057598481583,-27.5819009601706,47.8305901219218,-27.6080644423964,17,46.5,0.256897632786622
